$ANSIBLE_VAULT;1.1;AES256
33313264336566613933303563346136393731643637663836666633323939316664343039666163
6564386264396366353635346136376433343335353566350a313936353366323136613634613734
64616663373633396631623264373232346636316535316362663366636566666332613162323165
3661643936663839610a336163343833346465343633666637353639656631626532393766366239
33353737663638666364623032383763386561343664633939386266393666633231623937666333
39376231363734633839333865376266633232613466373530303031366433373364663333303935
33373534396537363563353466613133643536633462386331313035346430313531386631646634
33313137666538623631313333653065373864383636616562666364336266633338373933656363
34623330376162323966326639303562666139633734346264666134393062396661326435313932
63633766626635623132386462346462353734656434346537663762373930316366376630356665
66613332306364383262313164663830386263633666373963346335336266666262363534326564
62383331313964373634363839306236643334356264373237666436303064306437326435626363
39646636333932376461343237356439323333363266613832643331363664313736393564313765
38356632353034363961366338376631613762333364376336653032636366643065613938323839
31353830643364613563333862636666646634353233306630643935363063373763326365353338
35363163633039396462373433303662306662663862313732386137656137323831383237323466
66343538626565616632376139363066386463323263326436633765333532646330386139666330
64383661626362383834613737393263373765336330616233303965396563333035636231363061
34613866353730626564643232346335313038653462653333366135613432613939623564663262
36653931366430333362383661366661623662353032393464646637616636343134353164383966
64303635623663393266356134323631343132343464303066356532623335356365313632623264
30363961363166623363306164333931303130383165353766613633626661653834346164653762
66336237653466643236633634623764336164646266656665646435646231633166383836393838
64343662373365393434346266323764343963316137373831653766326266633666363965333039
33313036396362323163643637666636623864633066393139316330333437663431326463666139
39663432626430393731313862343738323762376162393563613137656139306131316263613362
61333931306539356263333239653339613233353763663231363036326539643632613330386637
34643532653731326430313966356337393434396631353631653734356364623031653333626433
31333830333764353831393162386665613335386434633831333532376331633932356638313031
37333130633434383638613063376266643162323763383064363636633336396366306162346236
32656165383134326232323730376536326638343764663832613064623238373531333933633639
66303065656439666461623862386161323236393234646230346535653263373162323365623335
64343136366266643133656465303866383239383964636632306435613539333761346337663466
38646639303235306139633066646431323664326431616266373465366565616532386166616365
37653939326435343963656134323534306665633338356437663632303031386432356563623134
32376562663161626136386334346161313465303736633732366331633663376465323162653864
64393163396136616533336337323532353633643463393665663362333738333631323834616132
61303963646332336535373830636164643361303365313435626165376331653133623262636232
62396130316561353330303763386430663837393236386535313666376437313631623762393265
64383937323431616264346466353836333238646566633237653036313432313133353535323061
37613165326365346339333031396364313763323338333762383131343466313161633665313664
37353461323962626534343737356531613566653063353266376434393835653566626666646530
33656134303839613964663964363039636235636563636236393630323462633835343863373731
37383831656437333034303530323863333161306465363861653937313730633563663832353465
66656438386536656130386362396265316133353530363530326337396135643134633465613561
38383131353131653964346661333335343162626532316439623663383163326532393836386234
35643163383330613332366436376539333037306636646130333262366366336262393737623631
37643831643431393639343764353032363663306662376566653961626632323337613739393034
32383937326361633964333939616237396633383435363365623839623637643733326362353637
35666239343766343033623132373133373439343464363665363766383239643530306131633061
32386232336635386364306234366638386463353264306463636161653361373364343937393632
39633638363930636439613430623962393333636565336236323066643866613239343563366233
62383736343630653534653935626438386132313764336334386665326362303437626236393438
66643666323932663063353232313631333963333937366662643732613139643438323331613236
39623230616532626566346333626363323765623030346639636666643832386130383239383165
63313966373334656237373232363934363437313239616363646530393037393930623134383535
39636661313061623838393462623839303364373533646430663464666135343762303536343732
61396639333964356364393164363663613264343831373337623164326635303061346435656434
63313732643763326666643039646166383732616661316436383765643839303764646132303463
63663232396161623233623333336165316537306234633536663466623136323533303932336534
39326537316538396235633836613637343837643932623536643031383663303365333566643037
66393261356133346161666634623438366138343630366132333139663432386461306663313532
64623439353466373761623930656430666364326532363437653132626634623964653633326134
37643537386361383763333430353563383463353033653337663661323732313261373733653462
65613939346663613765653266313163343432663432626161336234623433306137653432346465
65623363326332643162336462393937376133363231656436636365616665626236376333333466
39373033353137643935343736623161323466376537316666376634383364353637623730623665
64353235393032373964653935303266386333303566363362643933636334633733333663373237
65333964396131323961313831613130626331653730626232313230383536653537353966636162
30386632316538653762623866663630343063383637356661306262643138343635376130373233
32393930623562396632343262313666373062613838333764373935303864326135386664633461
31393935356330346661386433353230636464316162613465333739333165623737643465373465
62313536663363323633363736666334316536336364653438343933373139643532393163343165
31666635613166343262323835336536626431363833656364613838623865343566653833303164
33643537303964663562356264323966323866646663386530333261613966386533313735383731
62396136636666613031316538613136393131313731343231333763623135643736663233643464
63363333633531383462663862653637363431303637376162343232333735303766626438613037
35646564393664316363303231393733396531396230613465623538376461316532373032386663
63626436333661656130316137396361366236636432356465656130633734616261376366333665
33313564343961363638326633313133353235616535393036366534636534663831656261626430
64626463343566316437613534393832643830336465383138663536653965616132396537376435
33356135303433316337653233346237663335613238613864393030383566336438313632373563
32636233306464313666636566653763383362656265323765306263333136336333656133373632
36623062363831633566353930383834613630386337386164633561373234626465353031306236
39653938313637373235373765633135646637326566356662376130666364626637373938633738
33623131633661313261346230663139366233383539306435646262646632653664353562383362
30663862656431613933393038363030626633636237343136366566623739356436306364376631
35643834623732353862346233613830646334336630333534643066333238313666613763313562
30666363396364616563623966633963323636663735333337633733663133633565356265363634
32643732643866663165383733323934353131386431656436303238393339353939623632343639
62333666636165386234363030333262653831316662323434333633386231326130613961333238
61626130633462626361623633643635353836666561386465336166333966333539326236393132
33613666383631643131626563396434336439336335323032386336393537653633623838333661
65313132356162363230653837623035643637633933613765663766303839396566303537376335
30303634303265316262623234343934633435376633653336396566613731636666653830656333
66623935636435343964393230363765616466373463393165306136616264653366393065366132
33366664666165636634313637613035336230393832316266663234336434366636346236316261
61316130383561306236363561653031636139373632656538636533663962343535363234356530
38323231636563376130343931643737666430383534323534643464636233343661356539393963
65303861643031663563396666633831376165343937323231376234616239306537333863303434
66303663363962623566336435303134646362633139613966396262643461323534653933316538
65336334373734386663316239626435396465333861333063383039313665666661616261646263
37386432366338383136336363303232643036363861356239613033306166343364623433303064
35333831323239386136623064653364633362313430343239393262336162626166646166316538
39373230333935383538633535346134613335376237613730663439656131656631373461353532
35653931613733356130643539666136323665386563623432363665383339623966356235626566
30366463353263376562363865386364323865336138346439353236653464323732356663363136
62336362633538363138306265313436643937626430663734376364666438366634383035383835
64663365653732633063383836663663356330626638366666393234363763383366626236633934
38306134356231643763313239623666373464383133373735623031393738633765353331623034
32623234643261333431333231656539643162303766363635613862376437666264643531633536
30663737393434656332616537326631343035333535393737383736366431383461616164323737
38326463323831616538303265323564373265313764633763626238653863643930353166313532
32353431396239303037353434343634306366366633326235376234303265386565303433333539
62303662386366363765323232313137376664393030383962626366346338356139663261313766
34613164613164386364656530623135653930366631303931613465613739303065633834343366
62396264306136633232313965626166323837336234373330653330366666356364383434353636
32633735653739383737353937323230323065346164653263613432346631623136613635303662
61663862353963326465313232393837656531653438316433336663616639346637313038393638
62363639636437386439366633343033626438663262633930663866386430643933353036313435
34646539313563383338306362363233323663656636313262346465313963333536343633313964
61353962373534373435393739396132666461383830383031653533333431623263323537343265
63363335626665306533363461333938393731613836636438346339316537626465346564346231
62623663336234623931386635353232353137303339376636653134363935643031396431653736
62383862363063373334303063333362396338313564386265316339356439353565326538353336
36623762366434653966326530363937613032613937653538396331393936663265653363636435
66303539366636343832636333313232356632323532646236356437383538663634313639383764
64303939383537636664353464373962663936346537306462323335623832623065373962326635
37623464363938366564373063313762363562616132366463383833336636396163623836653135
36303764383466303664636464366138336338646461346531363834336131636131313563626130
34366534616233323535306463366330663263343165386337383033383764653161636265316261
30663365316637393137386564303734633262383664366462643566333366306566353262626439
35653132396463613362643863316565363636333038316263363137333033303662616162376133
61303930386338323662363761313038386439366566396363346638346265626536613936333034
663361626162303361393838653237666632
